1661589755363 0.0001374933329723968 0
1661589755772 -0.0001223318414021974 0
1661589756184 3.77679371640311e-05 0
1661589756563 6.811565561230085e-05 0
1661589756979 1.4516616484515594e-06 0
1661589757405 -1.7687177362325922e-05 0
1661589757824 2.7052204970835912e-05 0
1661589758247 -0.0002480503963883605 0
1661589758659 -9.721858968360124e-05 0
1661589759076 9.060620823220233e-05 0
1661589759455 1.367593923250438e-05 0
1661589759831 -6.0010070793113894e-05 0
1661589760245 -0.0001605502615787153 0
1661589760619 0.0008412712807136092 0
1661589761034 0.00017440630296638621 0
1661589761447 -8.881628754948154e-05 0
1661589761860 4.4919536839157005e-05 0
1661589762272 -0.0004096224585799942 0
1661589762697 -7.387544811253661e-05 0
1661589763114 -0.00011264773532055752 0
1661589763498 0.00016061034505677023 0
1661589763916 -5.1790650669035724e-05 0
1661589764334 -2.1180345701677964e-05 0
1661589764755 -0.0003456110041889619 0
1661589765196 1.7335318622419185e-05 0
1661589765580 -0.00010872205241647517 0
1661589765994 -4.351195452570743e-05 0
1661589766411 -6.17940542473787e-05 0
1661589766827 -0.00017676979392678636 0
1661589767233 -0.00026282721579452205 0
1661589767662 -0.000135360588658308 0
1661589768233 4.1577878336879776e-05 0
1661589768614 -6.021965236868709e-05 0
1661589769026 -9.764404164562966e-05 0
1661589769414 0.00023855071519611901 0
1661589769830 -0.00016057379318602937 0
1661589770244 2.9913388751647918e-05 0
1661589770622 6.168199904315206e-05 0
1661589771036 -3.9140827225467015e-05 0
1661589771422 9.921970308039754e-06 0
1661589771839 -6.830493594893126e-05 0
1661589772253 9.787856049962133e-05 0
1661589772634 0.00010283529981875447 0
1661589773049 -0.0002511806524125859 0
1661589773435 0.0002570478209236171 0
1661589773852 -0.00028829301544615663 0
1661589774267 -0.00027242408888359304 0
1661589774647 -0.0001431548829996559 0
1661589775064 -0.0001612896625186389 0
1661589775449 -0.00019544179614403503 0
1661589775868 1.2778956794324491e-05 0
1661589776286 2.0976937180264563e-05 0
1661589776665 -0.00014065138033213866 0
1661589777081 -0.00013395850729811456 0
1661589777469 -7.7791887226089e-05 0
1661589777889 -0.00021131419086079154 0
1661589778305 -0.0002030539880220674 0
1661589778688 -6.775726997775251e-05 0
1661589779090 -5.1235450945537666e-05 0
1661589779475 -0.0001977902143309997 0
1661589779892 -0.0001334430777080405 0
1661589780308 -0.00013044777247630228 0
1661589780686 -0.0001174394385151541 0
1661589781100 -0.00019021447198987328 0
1661589781486 -0.0008440232345021976 0
1661589781901 -0.0001933329023876436 0
1661589782315 -8.504234549412825e-05 0
1661589782694 -0.00034138182622725787 0
1661589783108 -0.0001224462188913784 0
1661589783493 8.425236510761194e-05 0
1661589783921 -0.00012615174097751653 0
1661589784303 -0.0001505331885458998 0
1661589784695 -0.00010516330508709934 0
1661589785115 -0.00019840316913203047 0
1661589785506 -0.0001591526133465934 0
1661589785931 -0.00016026675614833446 0
1661589786349 -0.00013875868491344717 0
1661589786738 -7.097443474400467e-05 0
1661589787157 -0.0001730095657343366 0
1661589787549 -0.0001472411684768178 0
1661589787969 -0.00014805014632594097 0
1661589788386 -7.32399461538017e-07 0
1661589788767 -0.0003827321336224298 0
1661589789181 -0.00016058398125159298 0
1661589789578 -4.1699002834101174e-05 0
1661589790000 -8.716110259511283e-05 0
1661589790420 -0.00012315423276143927 0
1661589790805 -0.00016095657764677088 0
1661589791221 9.626177397249507e-05 0
1661589791645 -0.00012057661297149025 0
1661589792061 -0.00022900106692947607 0
1661589792477 -0.00015097062874576357 0
1661589792862 -0.0002020681753618129 0
1661589793274 -0.00010671015075033587 0
1661589793693 -9.613799563245768e-05 0
1661589794110 0.00012482747058976232 0
1661589794486 -0.0002137115390786644 0
1661589794867 -0.00015773519762347107 0
1661589795285 1.0789483926130523e-05 0
1661589795710 -0.0002541216260930202 0
